1	1	195471971
10	1	130694993
11	1	122082543
12	1	120129022
13	1	120421639
14	1	124902244
15	1	104043685
16	1	98207768
17	1	94987271
18	1	90702639
19	1	61431566
2	1	182113224
3	1	160039680
4	1	156508116
5	1	151834684
6	1	149736546
7	1	145441459
8	1	129401213
9	1	124595110
MT	1	16299
X	1	171031299
Y	1	91744698
JH584299.1	1	953012
GL456233.1	1	336933
JH584301.1	1	259875
GL456211.1	1	241735
GL456350.1	1	227966
JH584293.1	1	207968
GL456221.1	1	206961
JH584297.1	1	205776
JH584296.1	1	199368
GL456354.1	1	195993
JH584294.1	1	191905
JH584298.1	1	184189
JH584300.1	1	182347
GL456219.1	1	175968
GL456210.1	1	169725
JH584303.1	1	158099
JH584302.1	1	155838
GL456212.1	1	153618
JH584304.1	1	114452
GL456379.1	1	72385
GL456216.1	1	66673
GL456393.1	1	55711
GL456366.1	1	47073
GL456367.1	1	42057
GL456239.1	1	40056
GL456213.1	1	39340
GL456383.1	1	38659
GL456385.1	1	35240
GL456360.1	1	31704
GL456378.1	1	31602
GL456389.1	1	28772
GL456372.1	1	28664
GL456370.1	1	26764
GL456381.1	1	25871
GL456387.1	1	24685
GL456390.1	1	24668
GL456394.1	1	24323
GL456392.1	1	23629
GL456382.1	1	23158
GL456359.1	1	22974
GL456396.1	1	21240
GL456368.1	1	20208
JH584292.1	1	14945
JH584295.1	1	1976
